let mainArr = [
    //палка 3 ячейки вертикльная
    [
        [0, 1],
        [0, 2],
        [0, 3]
        //поворот на 90°
        [
            [-1, 0],
            [0, 0],
            [1, -1],
            [2, 2]
        ]
        //поворот на 180°
        [
            [1, -1],
            [0, 0],
            [-1, 1],
            [-2, 2]
        ]
        //поворот на 270°
        [
            [-1, 0],
            [0, 0],
            [1, -1],
            [2, 2]
        ]
        //поворот на 360°
        [
            [1, -1],
            [0, 0],
            [-1, 1],
            [-2, 2]
        ]
    ]
    // квадрат 4 ячейки
    [
        [1, 0],
        [0, 1],
        [1, 1]
        //поворот на 90°
        [
            [0, 0],
            [0, 0],
            [0, 0],
            [0, 0]
        ]
        //поворот на 180°
        [
            [0, 0],
            [0, 0],
            [0, 0],
            [0, 0]
        ]
        //поворот на 270°
        [
            [0, 0],
            [0, 0],
            [0, 0],
            [0, 0]
        ]
        //поворот на 360°
        [
            [0, 0],
            [0, 0],
            [0, 0],
            [0, 0]
        ]
    ],
    //L вправо
    [
        [1, 0],
        [0, 1],
        [0, 2]
        //поворот на 90°
        [
            [0, 0],
            [-1, 1],
            [1, 0],
            [2, -1]
        ]
        //поворот на 180°
        [
            [1, -1],
            [1, -1],
            [-1, 0],
            [-1, 0]
        ]
        //поворот на 270°
        [
            [-1, 0],
            [0, -1],
            [2, -2],
            [1, -1]
        ]
        //поворот на 360°
        [
            [0, -1],
            [0, -1],
            [-2, 0],
            [-2, 0]
        ]
    ],
    //L влево
    [
        [1, 0],
        [1, 1],
        [1, 2]
        //поворот на 90°
        [
            [0, 0],
            [0, 0],
            [-2, 1],
            [1, 0]
        ]
        //поворот на 180°
        [
            [2, 0],
            [0, 0],
            [1, -1],
            [1, -1]
        ]
        //поворот на 270°
        [
            [-2, 0],
            [1, -1],
            [0, 0],
            [-1, 1]
        ]
        //поворот на 360°
        [
            [0, -1],
            [0, -1],
            [-2, 0],
            [-2, 0]
        ]
    ],
    //T вниз
    [
        [1, 0],
        [2, 0],
        [1, 1]
        //поворот на 90°
        [
            [1, -1],
            [0, 0],
            [0, 0],
            [0, 0]
        ]
        //поворот на 180°
        [
            [0, 0],
            [-1, 0],
            [-1, 0],
            [1, -1]
        ]
        //поворот на 270°
        [
            [1, -1],
            [1, -1],
            [1, -1],
            [0, 0]
        ]
        //поворот на 360°
        [
            [-2, 0],
            [0, -1],
            [0, -1],
            [-1, -1]
        ]
    ],
    //z вправо 
    [
        [1, 0],
        [-1, 1],
        [0, 1]
         //поворот на 90°
        [
            [0, -1],
            [-1, 0],
            [2, -1],
            [1, 0]
        ]
        //поворот на 180°
        [
            [0, 0],
            [1, -1],
            [-2, 0],
            [-1, -1]
        ]
        //поворот на 270°
        [
            [0, -1],
            [-1, 0],
            [2, -1],
            [1, 0]
        ]
        //поворот на 360°
        [
            [0, 0],
            [1, -1],
            [-2, 0],
            [-1, -1]
        ]
    ],
    //z влево 
    [
        [1, 0],
        [1, 1],
        [2, 1]
         //поворот на 90°
        [
            [2, -1],
            [0, 0],
            [1, -1],
            [-1, 0]
        ]
        //поворот на 180°
        [
            [-2, 0],
            [0, -1],
            [-1, 0],
            [1, -1]
        ]
        //поворот на 270°
        [
            [2, -1],
            [0, 0],
            [1, -1],
            [-1, 0]
        ]
        //поворот на 360°
        [
            [-2, 0],
            [0, -1],
            [-1, 0],
            [1, -1]
        ]
    ],
]